Address:   192.123.123.0        11000000.01111011.01111011. 00000000
Netmask:   255.255.255.0 = 24   11111111.11111111.11111111. 00000000
Wildcard:  0.0.0.255            00000000.00000000.00000000. 11111111
=>
Network:   192.123.123.0/24     11000000.01111011.01111011. 00000000
HostMin:   192.123.123.1        11000000.01111011.01111011. 00000001
HostMax:   192.123.123.254      11000000.01111011.01111011. 11111110
Broadcast: 192.123.123.255      11000000.01111011.01111011. 11111111
Hosts/Net: 254                   Class C

